%YAML:1.0
cameraMatrix: !!opencv-matrix
   rows: 3
   cols: 3
   dt: d
   data: [ 4.9589237553312364e+02, 0., 5.0044661938299578e+02, 0.,
       4.9462567668824539e+02, 3.8895190787468147e+02, 0., 0., 1. ]
imageSize_width: 1024
imageSize_height: 768
sensorSize_width: 0
sensorSize_height: 0
distCoeffs: !!opencv-matrix
   rows: 5
   cols: 1
   dt: d
   data: [ -3.3822338371790983e-01, 1.5163098192826416e-01,
       -8.9365799442042389e-04, 2.1606405709992732e-04,
       -4.0291553344842516e-02 ]
reprojectionError: 4.7658541798591614e-01
features:
   - [ 7.75386719e+02, 3.23732849e+02, 7.74542236e+02, 3.46180145e+02,
       7.74285950e+02, 3.67906036e+02, 7.73279175e+02, 3.90164856e+02,
       7.72356201e+02, 4.12270050e+02, 7.70119263e+02, 4.34491791e+02,
       7.68134277e+02, 4.56601746e+02, 7.54529724e+02, 3.23702789e+02,
       7.54349792e+02, 3.45665649e+02, 7.53382385e+02, 3.67324554e+02,
       7.52671631e+02, 3.89132355e+02, 7.50898682e+02, 4.11072968e+02,
       7.49421082e+02, 4.33330719e+02, 7.47450623e+02, 4.54969177e+02,
       7.34089050e+02, 3.24025909e+02, 7.33226318e+02, 3.45502838e+02,
       7.32661682e+02, 3.66792816e+02, 7.31442993e+02, 3.88330688e+02,
       7.30080505e+02, 4.10314117e+02, 7.28719849e+02, 4.31844666e+02,
       7.26914856e+02, 4.53509613e+02, 7.13328125e+02, 3.23917267e+02,
       7.12982117e+02, 3.45366364e+02, 7.12299561e+02, 3.66400208e+02,
       7.11210022e+02, 3.87877014e+02, 7.09825500e+02, 4.09273407e+02,
       7.08404114e+02, 4.30667999e+02, 7.06941040e+02, 4.51783264e+02,
       6.93593750e+02, 3.24299866e+02, 6.92792725e+02, 3.44938995e+02,
       6.92206238e+02, 3.66211456e+02, 6.91095764e+02, 3.87155151e+02,
       6.90162842e+02, 4.08382599e+02, 6.88755310e+02, 4.29068451e+02,
       6.87253418e+02, 4.50286652e+02, 6.74006409e+02, 3.24299072e+02,
       6.73582397e+02, 3.45060577e+02, 6.72599609e+02, 3.65516876e+02,
       6.71694092e+02, 3.86622681e+02, 6.70696350e+02, 4.07078339e+02,
       6.69521790e+02, 4.27794067e+02, 6.68113342e+02, 4.48298126e+02,
       6.55319275e+02, 3.24608856e+02, 6.54638733e+02, 3.44993591e+02,
       6.53868896e+02, 3.65374664e+02, 6.53021545e+02, 3.85735352e+02,
       6.51980713e+02, 4.06181915e+02, 6.50871765e+02, 4.26425537e+02,
       6.49613342e+02, 4.46610443e+02, 6.37164734e+02, 3.25145081e+02,
       6.36361755e+02, 3.45140503e+02, 6.35573669e+02, 3.65011261e+02,
       6.34743286e+02, 3.85092285e+02, 6.33632935e+02, 4.05009003e+02,
       6.32502197e+02, 4.25086548e+02, 6.31089233e+02, 4.44840210e+02,
       6.19781738e+02, 3.25799713e+02, 6.18989746e+02, 3.45261719e+02,
       6.18079895e+02, 3.64783691e+02, 6.17086792e+02, 3.84485016e+02,
       6.15868774e+02, 4.04084778e+02, 6.14607361e+02, 4.23644104e+02,
       6.13245300e+02, 4.43288483e+02, 6.03545898e+02, 3.26545074e+02,
       6.02540466e+02, 3.45507843e+02, 6.01291870e+02, 3.64528076e+02,
       6.00232910e+02, 3.83789307e+02, 5.98784607e+02, 4.03079865e+02,
       5.97476685e+02, 4.22220337e+02, 5.95972290e+02, 4.41480896e+02 ]
   - [ 5.12742249e+02, 3.01664886e+02, 5.14542664e+02, 3.30438599e+02,
       5.16439209e+02, 3.58843262e+02, 5.18850708e+02, 3.87009674e+02,
       5.21200806e+02, 4.14569458e+02, 5.23487671e+02, 4.41693878e+02,
       5.25954102e+02, 4.68259399e+02, 4.89164429e+02, 3.03036346e+02,
       4.91451752e+02, 3.32688599e+02, 4.93592102e+02, 3.62157227e+02,
       4.96114075e+02, 3.91263947e+02, 4.98414276e+02, 4.19738037e+02,
       5.01011414e+02, 4.47636658e+02, 5.03670807e+02, 4.74950165e+02,
       4.63381836e+02, 3.04674194e+02, 4.66160278e+02, 3.35325714e+02,
       4.68856354e+02, 3.65673615e+02, 4.71389160e+02, 3.95760315e+02,
       4.74147003e+02, 4.25323364e+02, 4.77015625e+02, 4.53989929e+02,
       4.79679230e+02, 4.81893585e+02, 4.35775085e+02, 3.06643250e+02,
       4.38934967e+02, 3.38279114e+02, 4.41914185e+02, 3.69579803e+02,
       4.44928101e+02, 4.00678131e+02, 4.47988464e+02, 4.30971741e+02,
       4.51430206e+02, 4.60551270e+02, 4.54422546e+02, 4.89157898e+02,
       4.06576202e+02, 3.08798553e+02, 4.09962677e+02, 3.41444336e+02,
       4.12981293e+02, 3.73700195e+02, 4.16471924e+02, 4.05607208e+02,
       4.20071106e+02, 4.36811218e+02, 4.23652100e+02, 4.67089691e+02,
       4.27548798e+02, 4.96412170e+02, 3.76130127e+02, 3.11464935e+02,
       3.79413757e+02, 3.44896179e+02, 3.82801727e+02, 3.78267120e+02,
       3.86612549e+02, 4.10884399e+02, 3.90571411e+02, 4.42853912e+02,
       3.94910126e+02, 4.73827209e+02, 3.99213013e+02, 5.03637054e+02,
       3.44477783e+02, 3.14444397e+02, 3.47740875e+02, 3.48671753e+02,
       3.51618530e+02, 3.82647614e+02, 3.55696289e+02, 4.16258423e+02,
       3.60350128e+02, 4.49034668e+02, 3.64930206e+02, 4.80544525e+02,
       3.70260986e+02, 5.11042358e+02, 3.11460663e+02, 3.17698242e+02,
       3.15090240e+02, 3.52730774e+02, 3.19098511e+02, 3.87493774e+02,
       3.23670441e+02, 4.21792664e+02, 3.28757202e+02, 4.55189117e+02,
       3.34319305e+02, 4.87480133e+02, 3.40048035e+02, 5.18553833e+02,
       2.77843292e+02, 3.21667114e+02, 2.81423920e+02, 3.57046448e+02,
       2.85712189e+02, 3.92475403e+02, 2.90770905e+02, 4.27327576e+02,
       2.96485809e+02, 4.61254669e+02, 3.02537750e+02, 4.94184174e+02,
       3.09247986e+02, 5.25767883e+02, 2.43794891e+02, 3.25732452e+02,
       2.47466339e+02, 3.61655670e+02, 2.51831039e+02, 3.97214050e+02,
       2.57345581e+02, 4.32562134e+02, 2.63344543e+02, 4.67011963e+02,
       2.70242340e+02, 5.00366425e+02, 2.77392883e+02, 5.32461182e+02 ]
   - [ 6.54940063e+02, 4.02313080e+02, 6.54145264e+02, 4.30327393e+02,
       6.52724426e+02, 4.58534332e+02, 6.51247986e+02, 4.86547394e+02,
       6.49705811e+02, 5.14355347e+02, 6.48107971e+02, 5.41746399e+02,
       6.46539856e+02, 5.69360901e+02, 6.29464966e+02, 4.00312256e+02,
       6.28782410e+02, 4.28983948e+02, 6.27336487e+02, 4.57639099e+02,
       6.25708191e+02, 4.86346008e+02, 6.23830078e+02, 5.14568054e+02,
       6.22244690e+02, 5.42617126e+02, 6.20748108e+02, 5.70552185e+02,
       6.02678162e+02, 3.98484192e+02, 6.01860229e+02, 4.27511017e+02,
       6.00664673e+02, 4.56696198e+02, 5.98745422e+02, 4.85780762e+02,
       5.96841797e+02, 5.14629272e+02, 5.95252747e+02, 5.43141541e+02,
       5.93689880e+02, 5.71548767e+02, 5.74558350e+02, 3.96493561e+02,
       5.73860168e+02, 4.25906921e+02, 5.72420898e+02, 4.55512756e+02,
       5.70776428e+02, 4.85248688e+02, 5.68715271e+02, 5.14445862e+02,
       5.66995422e+02, 5.43363953e+02, 5.65734680e+02, 5.71979553e+02,
       5.45569946e+02, 3.94745270e+02, 5.44683167e+02, 4.24272064e+02,
       5.43302979e+02, 4.54152374e+02, 5.41574341e+02, 4.84176666e+02,
       5.39686584e+02, 5.13783813e+02, 5.38000671e+02, 5.43021545e+02,
       5.36693298e+02, 5.72219482e+02, 5.15950073e+02, 3.92811127e+02,
       5.14876953e+02, 4.22424652e+02, 5.13320801e+02, 4.52506256e+02,
       5.11582275e+02, 4.82898041e+02, 5.09769806e+02, 5.12819153e+02,
       5.08158051e+02, 5.42472290e+02, 5.06968018e+02, 5.71827209e+02,
       4.86354675e+02, 3.91194458e+02, 4.84806061e+02, 4.20555298e+02,
       4.83270660e+02, 4.50796997e+02, 4.81361359e+02, 4.81400269e+02,
       4.79680176e+02, 5.11524200e+02, 4.78081879e+02, 5.41375305e+02,
       4.76792572e+02, 5.71172913e+02, 4.56561584e+02, 3.89559052e+02,
       4.54515228e+02, 4.18724609e+02, 4.52513336e+02, 4.48769928e+02,
       4.50731262e+02, 4.79468018e+02, 4.48972198e+02, 5.09760223e+02,
       4.47512115e+02, 5.39814026e+02, 4.46237518e+02, 5.69847168e+02,
       4.27050873e+02, 3.88267761e+02, 4.24397247e+02, 4.16966064e+02,
       4.22017670e+02, 4.46644348e+02, 4.19979706e+02, 4.77357574e+02,
       4.18383972e+02, 5.07701630e+02, 4.16731537e+02, 5.38043762e+02,
       4.15498993e+02, 5.67961731e+02, 3.98248718e+02, 3.87230164e+02,
       3.94818146e+02, 4.15200958e+02, 3.91717651e+02, 4.44335236e+02,
       3.89367981e+02, 4.74700043e+02, 3.87515015e+02, 5.05203400e+02,
